99337at3193	0	55	464
119415at3193	0	28	278
148068at3193	0	19	185
74804at3193	0	51	361
26847at3193	0	57	565
68203at3193	0	36	363
23064at3193	0	71	608
58217at3193	0	59	585
36036at3193	0	57	567
90833at3193	0	29	293
70703at3193	0	37	371
179931at3193	0	15	151
5at3193	0	572	3762
121323at3193	0	25	179
115592at3193	0	115	720
68266at3193	0	44	435
23529at3193	0	88	567
164172at3193	0	19	159
147792at3193	0	21	208
58192at3193	0	47	472
204701at3193	0	14	136
188047at3193	0	19	175
36488at3193	0	48	476
47310at3193	0	42	421
127774at3193	0	30	225
69605at3193	0	34	309
15419at3193	0	61	608
197017at3193	0	13	131
3272at3193	0	129	1060
167500at3193	0	53	262
18146at3193	0	63	627
197413at3193	0	16	153
120820at3193	0	27	273
203343at3193	0	11	111
8939at3193	0	86	856
177502at3193	0	15	131
38404at3193	0	50	501
2653at3193	0	120	1200
115953at3193	0	32	324
123327at3193	0	27	265
130511at3193	0	24	236
116353at3193	0	54	316
174057at3193	0	19	190
37298at3193	0	61	608
33695at3193	0	60	445
21033at3193	0	53	533
44042at3193	0	51	510
189838at3193	0	16	155
180599at3193	0	18	178
37412at3193	0	59	591
110122at3193	0	27	271
100769at3193	0	24	243
31517at3193	0	55	554
130311at3193	0	24	240
169584at3193	0	20	200
177446at3193	0	19	154
6319at3193	0	100	830
169044at3193	0	17	172
5793at3193	0	236	1331
158558at3193	0	22	158
202565at3193	0	11	106
171307at3193	0	17	174
9962at3193	0	80	766
81321at3193	0	41	407
53100at3193	0	30	303
165991at3193	0	24	240
179537at3193	0	14	141
163466at3193	0	17	166
15843at3193	0	82	713
157661at3193	0	33	293
34144at3193	0	67	661
219764at3193	0	11	110
38669at3193	0	47	468
113571at3193	0	26	257
92093at3193	0	59	336
4349at3193	0	93	934
207739at3193	0	8	77
157608at3193	0	27	187
26282at3193	0	63	570
212287at3193	0	13	105
62651at3193	0	39	388
202185at3193	0	12	103
30989at3193	0	50	454
10850at3193	0	163	914
182370at3193	0	19	188
52234at3193	0	45	447
71151at3193	0	43	430
154694at3193	0	18	183
44486at3193	0	41	411
103454at3193	0	32	322
131437at3193	0	26	256
109096at3193	0	27	274
187952at3193	0	11	105
63082at3193	0	39	391
141611at3193	0	25	179
16351at3193	0	70	526
152143at3193	0	22	221
60794at3193	0	35	353
129671at3193	0	34	273
144429at3193	0	28	276
128218at3193	0	33	271
4678at3193	0	125	970
202553at3193	0	11	111
67313at3193	0	60	602
122462at3193	0	35	346
155203at3193	0	17	174
147806at3193	0	25	252
1589at3193	0	184	1355
48502at3193	0	57	571
79718at3193	0	53	339
118639at3193	0	26	263
70994at3193	0	40	402
162190at3193	0	23	227
101336at3193	0	48	356
34701at3193	0	73	494
14163at3193	0	90	901
19243at3193	0	53	529
95481at3193	0	28	282
16216at3193	0	91	740
2884at3193	0	93	896
168033at3193	0	34	176
145776at3193	0	30	218
176874at3193	0	19	194
10856at3193	0	63	634
53767at3193	0	47	466
47493at3193	0	47	466
32563at3193	0	134	708
75587at3193	0	37	367
113683at3193	0	29	292
87062at3193	0	35	346
162919at3193	0	20	197
109552at3193	0	32	303
94219at3193	0	35	353
87537at3193	0	34	290
90521at3193	0	30	304
16901at3193	0	130	1003
46068at3193	0	45	453
152129at3193	0	22	217
40809at3193	0	49	490
2926at3193	0	118	1013
102703at3193	0	62	409
90324at3193	0	35	350
16977at3193	0	75	528
134017at3193	0	27	270
129584at3193	0	29	286
79885at3193	0	41	405
59885at3193	0	40	403
102538at3193	0	24	240
219680at3193	0	7	66
124504at3193	0	28	281
205878at3193	0	22	149
147649at3193	0	27	272
150034at3193	0	20	201
7170at3193	0	86	858
88077at3193	0	45	446
69326at3193	0	55	435
115377at3193	0	30	297
135198at3193	0	22	217
94362at3193	0	35	353
150475at3193	0	22	223
4777at3193	0	92	916
171079at3193	0	13	133
108122at3193	0	29	286
79699at3193	0	42	363
93783at3193	0	37	369
1171at3193	0	204	1510
14087at3193	0	100	661
137804at3193	0	23	233
5261at3193	0	77	772
214134at3193	0	7	72
31425at3193	0	61	510
102439at3193	0	36	356
190211at3193	0	13	128
163263at3193	0	26	262
96292at3193	0	32	317
218897at3193	0	6	64
58480at3193	0	45	447
21793at3193	0	61	611
153426at3193	0	26	260
30899at3193	0	52	524
49491at3193	0	51	511
207533at3193	0	12	121
109987at3193	0	30	304
73780at3193	0	35	338
200301at3193	0	12	124
71882at3193	0	45	453
208235at3193	0	16	159
181954at3193	0	14	144
27725at3193	0	74	737
88591at3193	0	34	335
17627at3193	0	75	748
22695at3193	0	46	457
54563at3193	0	44	443
70143at3193	0	42	418
35505at3193	0	54	536
40592at3193	0	85	478
91585at3193	0	36	357
121345at3193	0	21	210
217208at3193	0	6	61
153434at3193	0	22	221
51750at3193	0	32	319
18641at3193	0	67	667
220874at3193	0	7	65
123292at3193	0	31	313
91089at3193	0	34	344
96469at3193	0	30	299
3493at3193	0	231	1501
19641at3193	0	92	675
60563at3193	0	52	445
147832at3193	0	28	196
182258at3193	0	32	197
105380at3193	0	27	271
133520at3193	0	27	273
153606at3193	0	49	304
29036at3193	0	53	484
103054at3193	0	28	279
25602at3193	0	57	565
73273at3193	0	37	371
187034at3193	0	10	104
140309at3193	0	24	239
193818at3193	0	11	111
141065at3193	0	15	150
115537at3193	0	34	340
197152at3193	0	10	102
90458at3193	0	32	317
21096at3193	0	63	632
186149at3193	0	12	119
5135at3193	0	184	1136
89638at3193	0	35	339
71446at3193	0	56	322
152036at3193	0	24	236
213464at3193	0	8	79
5849at3193	0	146	996
36014at3193	0	47	469
25549at3193	0	113	576
216839at3193	0	8	83
2661at3193	0	149	1149
160405at3193	0	17	169
103458at3193	0	32	316
43116at3193	0	54	536
49334at3193	0	43	432
90343at3193	0	39	390
32024at3193	0	54	529
8828at3193	0	119	775
144036at3193	0	26	264
56324at3193	0	41	408
91220at3193	0	32	321
66547at3193	0	39	394
141377at3193	0	28	239
6412at3193	0	107	1074
49704at3193	0	41	410
150771at3193	0	18	175
146337at3193	0	23	231
2770at3193	0	101	1012
105405at3193	0	30	296
110411at3193	0	33	331
7511at3193	0	74	738
163507at3193	0	16	155
87607at3193	0	41	345
111709at3193	0	31	312
45818at3193	0	50	500
2844at3193	0	116	1155
81710at3193	0	59	506
193252at3193	0	15	146
88714at3193	0	34	336
141951at3193	0	22	220
109341at3193	0	30	301
16550at3193	0	74	737
19858at3193	0	59	594
123400at3193	0	24	237
14127at3193	0	52	521
109364at3193	0	34	267
84352at3193	0	36	361
143942at3193	0	25	249
137933at3193	0	20	200
148097at3193	0	30	237
68939at3193	0	37	368
10341at3193	0	170	825
42368at3193	0	42	421
20942at3193	0	55	553
182204at3193	0	25	229
1388at3193	0	141	1405
10454at3193	0	82	823
27810at3193	0	56	556
134279at3193	0	29	289
75056at3193	0	38	377
47174at3193	0	43	426
78788at3193	0	38	379
139122at3193	0	22	216
91402at3193	0	49	486
127141at3193	0	27	266
163227at3193	0	16	156
138707at3193	0	21	212
9466at3193	0	107	854
6095at3193	0	123	646
175168at3193	0	17	171
133295at3193	0	25	249
54535at3193	0	49	487
127764at3193	0	40	246
129063at3193	0	21	208
5868at3193	0	90	900
61358at3193	0	42	340
111086at3193	0	27	271
162254at3193	0	17	172
47066at3193	0	53	528
32371at3193	0	48	475
85842at3193	0	34	337
68974at3193	0	44	377
110810at3193	0	32	262
138689at3193	0	19	186
145718at3193	0	22	218
115533at3193	0	31	312
2329at3193	0	119	1190
116175at3193	0	79	456
1822at3193	0	111	867
94214at3193	0	40	401
26025at3193	0	62	618
47597at3193	0	41	412
43535at3193	0	52	516
147634at3193	0	29	287
60384at3193	0	46	460
10289at3193	0	81	806
50679at3193	0	53	534
24102at3193	0	68	679
17679at3193	0	134	621
135819at3193	0	24	244
161537at3193	0	54	259
32377at3193	0	51	512
117321at3193	0	28	275
120142at3193	0	35	346
134972at3193	0	30	302
90799at3193	0	66	419
123784at3193	0	46	456
28171at3193	0	54	543
167808at3193	0	27	271
63577at3193	0	63	408
57296at3193	0	52	447
147820at3193	0	25	246
51868at3193	0	58	578
169437at3193	0	14	144
120627at3193	0	20	195
213697at3193	0	12	102
52804at3193	0	43	429
53773at3193	0	45	452
18970at3193	0	61	609
166728at3193	0	20	198
38539at3193	0	57	570
106389at3193	0	33	332
63808at3193	0	53	531
199467at3193	0	18	182
125141at3193	0	48	420
67266at3193	0	49	490
139380at3193	0	23	228
68623at3193	0	40	397
34445at3193	0	45	451
8477at3193	0	81	808
138872at3193	0	19	188
120589at3193	0	28	276
156739at3193	0	21	213
91508at3193	0	31	306
8341at3193	0	85	851
4547at3193	0	165	1654
118313at3193	0	30	301
161721at3193	0	17	171
138708at3193	0	25	250
156170at3193	0	21	207
147167at3193	0	21	209
121531at3193	0	22	217
114571at3193	0	31	306
67201at3193	0	39	392
18334at3193	0	68	683
44817at3193	0	36	361
57372at3193	0	63	438
41334at3193	0	45	454
54811at3193	0	70	386
4343at3193	0	130	975
146428at3193	0	19	185
157570at3193	0	28	208
98055at3193	0	66	452
28608at3193	0	58	578
19068at3193	0	61	606
15047at3193	0	72	719
162304at3193	0	26	259
54907at3193	0	41	405
141833at3193	0	24	239
40803at3193	0	45	452
71815at3193	0	42	423
80337at3193	0	30	298
162804at3193	0	18	182
26386at3193	0	58	581
64974at3193	0	75	746
139843at3193	0	31	226
52897at3193	0	58	575
123874at3193	0	31	314
132355at3193	0	30	273
3935at3193	0	101	1013
180106at3193	0	13	134
216846at3193	0	9	68
124542at3193	0	24	238
91520at3193	0	36	362
166789at3193	0	18	177
75037at3193	0	36	357
166707at3193	0	14	142
170931at3193	0	19	193
152960at3193	0	28	277
141280at3193	0	16	162
11471at3193	0	66	661
71522at3193	0	41	408
184250at3193	0	19	190
113591at3193	0	49	323
112609at3193	0	30	300
103151at3193	0	37	340
154063at3193	0	36	360
118755at3193	0	47	247
155352at3193	0	24	240
217135at3193	0	9	94
89187at3193	0	33	331
151831at3193	0	20	201
110023at3193	0	27	272
27702at3193	0	61	605
211824at3193	0	13	126
59153at3193	0	37	367
5232at3193	0	103	1033
31508at3193	0	53	525
201012at3193	0	8	78
174947at3193	0	33	327
79088at3193	0	46	457
120194at3193	0	24	242
109071at3193	0	32	320
25169at3193	0	62	609
150694at3193	0	28	227
37548at3193	0	65	560
153973at3193	0	30	298
157013at3193	0	13	132
102301at3193	0	32	316
98952at3193	0	31	308
147320at3193	0	29	288
73081at3193	0	34	343
111634at3193	0	28	276
137492at3193	0	22	224
173573at3193	0	25	194
40351at3193	0	45	453
46145at3193	0	46	458
122353at3193	0	27	268
62778at3193	0	42	420
111334at3193	0	43	325
41344at3193	0	55	552
79083at3193	0	38	380
196221at3193	0	15	151
52837at3193	0	43	434
140073at3193	0	28	276
96825at3193	0	34	324
15224at3193	0	68	678
52839at3193	0	36	360
134178at3193	0	23	231
76478at3193	0	39	374
87655at3193	0	32	319
135305at3193	0	45	306
15405at3193	0	105	628
189624at3193	0	10	104
40669at3193	0	52	517
1916at3193	0	126	1125
136033at3193	0	28	276
138922at3193	0	31	310
45375at3193	0	68	682
63302at3193	0	38	382
119120at3193	0	37	372
78718at3193	0	44	341
172938at3193	0	19	190
143110at3193	0	22	223
25353at3193	0	100	700
127808at3193	0	24	243
138352at3193	0	33	327
76452at3193	0	39	394
109810at3193	0	31	305
7936at3193	0	83	828
15195at3193	0	78	775
41601at3193	0	57	565
207787at3193	0	10	98
178269at3193	0	14	136
17535at3193	0	87	697
23at3193	0	381	3806
58451at3193	0	109	362
45095at3193	0	44	437
24748at3193	0	54	536
24280at3193	0	86	861
26586at3193	0	59	593
134382at3193	0	20	201
121573at3193	0	30	246
5727at3193	0	90	845
89263at3193	0	50	504
162373at3193	0	19	178
63780at3193	0	45	449
3704at3193	0	127	1169
97073at3193	0	31	308
94503at3193	0	37	365
43595at3193	0	47	469
75889at3193	0	34	339
146304at3193	0	39	272
59418at3193	0	33	325
204437at3193	0	11	111
33440at3193	0	58	579
16984at3193	0	65	647
210007at3193	0	9	94
124441at3193	0	24	237
19475at3193	0	55	548
101630at3193	0	39	391
115681at3193	0	24	239
161520at3193	0	22	224
108895at3193	0	32	315
164720at3193	0	16	159
48428at3193	0	37	369
140075at3193	0	38	283
1578at3193	0	236	1245
21627at3193	0	65	610
156254at3193	0	17	167
56560at3193	0	44	437
164966at3193	0	23	190
163058at3193	0	20	204
31765at3193	0	53	534
166433at3193	0	15	150
150459at3193	0	26	255
55477at3193	0	33	334
117882at3193	0	33	334
469at3193	0	327	1810
121315at3193	0	35	350
127464at3193	0	33	292
159411at3193	0	23	232
77167at3193	0	35	345
108382at3193	0	46	464
174683at3193	0	14	137
112709at3193	0	45	450
87393at3193	0	33	331
149386at3193	0	30	207
131396at3193	0	26	263
52497at3193	0	44	437
165206at3193	0	22	216
103261at3193	0	25	245
79128at3193	0	39	386
105366at3193	0	39	394
195796at3193	0	11	108
109325at3193	0	28	283
137698at3193	0	21	208
101239at3193	0	34	335
152725at3193	0	15	147
157106at3193	0	23	227
108706at3193	0	27	274
54696at3193	0	44	439
17077at3193	0	63	626
160775at3193	0	38	379
1332at3193	0	173	1227
65741at3193	0	48	404
157002at3193	0	19	187
196273at3193	0	13	127
72585at3193	0	35	349
33414at3193	0	67	673
214985at3193	0	13	133
63156at3193	0	42	422
216147at3193	0	11	107
3941at3193	0	108	976
130554at3193	0	34	335
196453at3193	0	9	92
148523at3193	0	27	268
157393at3193	0	25	252
13044at3193	0	69	688
96112at3193	0	40	350
364at3193	0	196	1561
168428at3193	0	14	136
176549at3193	0	21	211
127528at3193	0	31	313
164374at3193	0	19	187
44473at3193	0	43	431
165321at3193	0	18	177
205887at3193	0	13	89
111422at3193	0	35	348
205399at3193	0	11	110
196423at3193	0	13	134
177107at3193	0	15	147
150672at3193	0	24	240
57933at3193	0	52	522
83962at3193	0	42	419
190330at3193	0	23	178
46320at3193	0	49	493
14136at3193	0	80	795
72057at3193	0	41	414
115437at3193	0	26	258
85573at3193	0	30	303
187437at3193	0	19	145
32798at3193	0	58	575
60079at3193	0	30	301
139431at3193	0	23	227
97542at3193	0	35	349
56205at3193	0	63	412
190682at3193	0	8	79
56690at3193	0	46	425
3288at3193	0	84	841
82758at3193	0	35	352
159603at3193	0	23	230
111493at3193	0	29	292
44590at3193	0	49	492
204800at3193	0	15	152
155112at3193	0	19	185
177680at3193	0	25	246
155066at3193	0	22	218
76489at3193	0	37	371
156527at3193	0	23	230
56338at3193	0	56	474
102470at3193	0	27	271
5306at3193	0	162	893
128124at3193	0	36	360
73541at3193	0	50	496
171623at3193	0	14	142
26860at3193	0	50	502
172331at3193	0	20	187
37588at3193	0	48	484
137745at3193	0	19	194
113485at3193	0	27	268
164366at3193	0	22	221
164523at3193	0	25	254
5761at3193	0	83	826
180839at3193	0	13	133
179434at3193	0	11	105
107444at3193	0	32	321
8566at3193	0	124	979
167289at3193	0	19	193
199345at3193	0	12	121
165314at3193	0	19	146
17581at3193	0	67	674
75478at3193	0	46	462
162526at3193	0	22	224
131273at3193	0	27	270
168014at3193	0	21	208
2at3193	0	654	3620
42058at3193	0	41	411
138402at3193	0	25	246
15289at3193	0	113	678
16286at3193	0	63	625
6485at3193	0	98	975
61714at3193	0	34	341
99091at3193	0	32	319
13985at3193	0	75	748
150871at3193	0	20	204
179820at3193	0	23	189
184637at3193	0	16	157
183573at3193	0	19	188
134953at3193	0	36	228
131495at3193	0	32	318
175589at3193	0	17	166
155121at3193	0	22	173
169100at3193	0	17	172
77611at3193	0	71	581
3755at3193	0	101	913
94986at3193	0	37	368
82631at3193	0	40	401
30083at3193	0	67	667
198946at3193	0	13	133
100472at3193	0	29	291
104226at3193	0	34	341
19439at3193	0	106	687
87297at3193	0	127	423
42802at3193	0	68	589
18005at3193	0	99	848
6114at3193	0	85	849
185149at3193	0	43	354
48546at3193	0	46	457
56328at3193	0	41	408
151358at3193	0	23	227
180244at3193	0	16	157
31559at3193	0	66	570
78511at3193	0	77	654
1073at3193	0	262	1372
143276at3193	0	22	215
51046at3193	0	58	576
104863at3193	0	31	309
146440at3193	0	20	202
200083at3193	0	15	148
128799at3193	0	23	227
31335at3193	0	57	565
42345at3193	0	72	452
200869at3193	0	8	83
69003at3193	0	43	422
49937at3193	0	39	390
165834at3193	0	43	346
135024at3193	0	28	274
96574at3193	0	52	517
115278at3193	0	31	314
118094at3193	0	27	274
72717at3193	0	40	396
4892at3193	0	91	913
114367at3193	0	26	264
28825at3193	0	61	527
155341at3193	0	25	245
9385at3193	0	136	1129
61850at3193	0	62	622
123218at3193	0	29	214
453at3193	0	292	1510
93984at3193	0	42	367
85331at3193	0	39	393
7476at3193	0	129	939
154546at3193	0	28	284
105656at3193	0	32	315
163589at3193	0	21	208
64632at3193	0	53	380
163848at3193	0	25	245
147546at3193	0	26	260
95104at3193	0	28	282
185097at3193	0	15	151
80545at3193	0	49	489
46074at3193	0	47	466
165512at3193	0	18	184
66400at3193	0	43	429
64817at3193	0	51	506
97239at3193	0	36	363
216356at3193	0	13	125
13313at3193	0	65	651
4582at3193	0	98	911
121964at3193	0	33	330
95831at3193	0	35	258
168772at3193	0	18	183
214962at3193	0	7	69
58847at3193	0	37	367
144311at3193	0	20	203
82610at3193	0	36	363
62699at3193	0	53	528
210791at3193	0	19	144
64833at3193	0	52	397
64856at3193	0	36	361
120730at3193	0	24	237
22441at3193	0	70	704
46642at3193	0	43	425
218126at3193	0	14	115
204060at3193	0	11	96
180395at3193	0	19	181
126677at3193	0	25	254
198809at3193	0	24	166
119040at3193	0	30	303
105470at3193	0	31	311
176959at3193	0	17	170
142578at3193	0	27	268
19287at3193	0	62	623
29931at3193	0	61	611
105152at3193	0	31	310
88005at3193	0	28	258
41955at3193	0	53	502
27435at3193	0	51	510
25883at3193	0	67	666
154116at3193	0	27	193
211122at3193	0	11	108
79244at3193	0	31	305
189672at3193	0	15	152
187746at3193	0	20	195
46242at3193	0	45	450
78898at3193	0	29	292
32093at3193	0	52	516
13414at3193	0	90	729
6756at3193	0	80	800
117785at3193	0	28	279
113276at3193	0	28	275
171230at3193	0	18	182
134948at3193	0	36	356
1914at3193	0	87	870
9250at3193	0	77	773
131839at3193	0	20	198
153139at3193	0	19	191
85636at3193	0	35	350
17217at3193	0	70	701
113209at3193	0	28	247
63805at3193	0	47	396
196442at3193	0	10	101
171238at3193	0	18	184
69965at3193	0	44	442
54177at3193	0	52	523
177961at3193	0	13	125
43206at3193	0	56	557
152030at3193	0	20	198
225752at3193	0	8	82
50762at3193	0	52	521
170998at3193	0	17	171
53003at3193	0	59	590
112185at3193	0	37	366
28757at3193	0	56	558
84405at3193	0	48	461
89669at3193	0	31	305
30065at3193	0	58	575
132496at3193	0	50	504
23870at3193	0	116	625
89010at3193	0	39	394
52464at3193	0	43	434
207344at3193	0	10	98
38027at3193	0	47	468
171667at3193	0	18	177
15862at3193	0	145	777
147523at3193	0	20	203
206508at3193	0	12	122
109434at3193	0	32	316
166295at3193	0	18	183
145760at3193	0	28	277
40093at3193	0	46	463
79579at3193	0	66	661
162410at3193	0	20	201
126380at3193	0	32	318
3971at3193	0	93	934
83379at3193	0	38	383
141984at3193	0	27	246
121132at3193	0	29	287
53741at3193	0	44	442
188221at3193	0	9	93
71031at3193	0	56	416
86510at3193	0	33	329
89474at3193	0	33	331
134572at3193	0	24	235
157312at3193	0	20	201
21074at3193	0	84	836
124053at3193	0	26	258
16253at3193	0	108	799
7542at3193	0	111	1105
129341at3193	0	27	273
217409at3193	0	11	111
1816at3193	0	160	1600
12903at3193	0	83	834
152399at3193	0	33	327
123351at3193	0	33	329
101744at3193	0	33	276
194511at3193	0	18	180
81514at3193	0	36	362
172307at3193	0	18	178
79662at3193	0	60	331
202942at3193	0	10	98
178308at3193	0	12	124
1259at3193	0	152	1468
7852at3193	0	78	781
184963at3193	0	14	129
34990at3193	0	54	540
125597at3193	0	25	252
7277at3193	0	103	814
138284at3193	0	24	239
199941at3193	0	11	114
104357at3193	0	29	291
35691at3193	0	58	575
41007at3193	0	97	503
34076at3193	0	55	554
166649at3193	0	19	193
90464at3193	0	40	327
182056at3193	0	14	135
187120at3193	0	18	184
102565at3193	0	30	296
93645at3193	0	37	371
11532at3193	0	75	746
70084at3193	0	43	426
72305at3193	0	38	375
63615at3193	0	42	422
166256at3193	0	19	194
134135at3193	0	37	231
124618at3193	0	22	218
76286at3193	0	35	349
3322at3193	0	123	1230
164589at3193	0	16	158
55581at3193	0	44	437
18255at3193	0	65	614
112507at3193	0	35	349
173599at3193	0	16	163
438at3193	0	207	2069
24602at3193	0	50	500
126310at3193	0	22	224
18590at3193	0	67	670
23743at3193	0	60	597
38883at3193	0	45	448
148721at3193	0	25	247
206860at3193	0	8	83
170724at3193	0	15	150
186228at3193	0	17	167
47240at3193	0	62	487
199845at3193	0	14	138
151619at3193	0	20	202
23608at3193	0	68	683
193899at3193	0	12	121
74386at3193	0	39	387
203809at3193	0	11	100
91873at3193	0	51	324
179450at3193	0	16	157
196323at3193	0	15	104
23032at3193	0	60	599
128674at3193	0	32	273
99652at3193	0	48	355
27492at3193	0	51	509
167028at3193	0	23	174
207537at3193	0	13	128
40197at3193	0	57	567
129527at3193	0	23	220
168779at3193	0	17	167
159883at3193	0	16	156
67893at3193	0	30	304
155472at3193	0	30	250
205166at3193	0	11	110
76571at3193	0	48	479
64471at3193	0	43	427
151948at3193	0	20	204
122476at3193	0	55	518
99032at3193	0	38	376
25535at3193	0	58	583
122548at3193	0	29	285
3441at3193	0	111	1106
37839at3193	0	53	525
169392at3193	0	22	222
159297at3193	0	21	212
11121at3193	0	74	743
177759at3193	0	15	152
188462at3193	0	12	113
67959at3193	0	46	459
122934at3193	0	35	353
148840at3193	0	23	225
59331at3193	0	45	448
110615at3193	0	26	260
123630at3193	0	28	284
122737at3193	0	27	265
135923at3193	0	24	237
12643at3193	0	72	717
195205at3193	0	11	107
174182at3193	0	18	176
190635at3193	0	11	109
9727at3193	0	88	877
206888at3193	0	12	89
40517at3193	0	48	483
19696at3193	0	72	718
51155at3193	0	47	470
938at3193	0	144	1340
177100at3193	0	19	191
1664at3193	0	215	1556
79821at3193	0	33	305
205334at3193	0	10	100
134625at3193	0	26	258
20475at3193	0	55	552
181042at3193	0	16	139
120972at3193	0	27	274
130037at3193	0	23	232
87022at3193	0	33	327
178573at3193	0	10	103
220203at3193	0	17	103
205134at3193	0	11	112
19402at3193	0	75	749
130994at3193	0	30	245
38226at3193	0	50	502
125213at3193	0	29	239
154272at3193	0	35	342
114122at3193	0	30	302
213743at3193	0	9	86
112828at3193	0	32	318
68670at3193	0	69	520
186115at3193	0	21	198
58430at3193	0	44	440
157303at3193	0	15	146
32138at3193	0	48	476
161183at3193	0	23	227
127775at3193	0	25	251
210833at3193	0	13	128
31083at3193	0	49	485
105038at3193	0	29	291
48588at3193	0	52	521
26815at3193	0	60	597
159575at3193	0	18	184
153660at3193	0	24	239
135652at3193	0	21	184
180289at3193	0	16	160
68859at3193	0	87	471
100693at3193	0	29	294
119747at3193	0	24	214
173677at3193	0	34	274
10535at3193	0	85	846
182049at3193	0	17	165
13740at3193	0	81	809
126918at3193	0	24	244
21795at3193	0	69	573
56979at3193	0	54	537
20489at3193	0	106	632
111918at3193	0	29	285
187828at3193	0	36	195
37755at3193	0	53	532
12893at3193	0	74	739
143865at3193	0	24	242
21634at3193	0	87	688
109328at3193	0	27	271
87440at3193	0	33	327
15951at3193	0	91	905
135464at3193	0	64	370
151650at3193	0	18	184
56051at3193	0	36	359
2325at3193	0	177	1152
57984at3193	0	31	314
116432at3193	0	24	235
61517at3193	0	36	360
57821at3193	0	60	378
111949at3193	0	27	267
17647at3193	0	83	826
30808at3193	0	66	464
37262at3193	0	51	514
90842at3193	0	33	323
81311at3193	0	62	406
189022at3193	0	10	97
32900at3193	0	47	466
89599at3193	0	43	425
109837at3193	0	30	301
200210at3193	0	13	130
26980at3193	0	45	448
124686at3193	0	34	343
125653at3193	0	29	293
217633at3193	0	11	108
241at3193	0	206	2055
2921at3193	0	117	1169
82968at3193	0	35	346
42938at3193	0	48	484
166627at3193	0	20	197
141488at3193	0	20	196
194233at3193	0	14	105
188054at3193	0	19	186
117788at3193	0	45	283
216383at3193	0	6	63
2834at3193	0	230	1476
143653at3193	0	23	232
192570at3193	0	16	157
108586at3193	0	63	370
78590at3193	0	31	313
28384at3193	0	58	580
70127at3193	0	41	413
8339at3193	0	112	773
114533at3193	0	29	288
177486at3193	0	23	176
117318at3193	0	21	213
147386at3193	0	20	199
175201at3193	0	17	174
166043at3193	0	19	190
43587at3193	0	46	455
171958at3193	0	11	107
36991at3193	0	45	450
33439at3193	0	53	532
26497at3193	0	60	600
71451at3193	0	39	387
13359at3193	0	93	640
44833at3193	0	78	520
115044at3193	0	23	228
126110at3193	0	29	292
90102at3193	0	38	351
123957at3193	0	37	373
152910at3193	0	19	187
175488at3193	0	19	192
144454at3193	0	21	208
4251at3193	0	107	1065
143745at3193	0	22	217
80815at3193	0	38	376
109394at3193	0	35	350
171072at3193	0	20	203
88949at3193	0	36	359
104085at3193	0	28	279
9443at3193	0	104	1042
72761at3193	0	40	386
130835at3193	0	25	224
193277at3193	0	14	141
178501at3193	0	18	183
61944at3193	0	41	410
136566at3193	0	28	237
25760at3193	0	58	575
121539at3193	0	28	275
17159at3193	0	74	744
100558at3193	0	35	349
54858at3193	0	46	463
173350at3193	0	16	162
8229at3193	0	81	811
27315at3193	0	58	582
103929at3193	0	29	293
83115at3193	0	65	646
18890at3193	0	69	687
130795at3193	0	24	241
122450at3193	0	78	530
134878at3193	0	26	256
167170at3193	0	20	197
10797at3193	0	74	739
141575at3193	0	27	255
191064at3193	0	12	121
89076at3193	0	33	325
86444at3193	0	46	460
193902at3193	0	17	167
25450at3193	0	67	674
149515at3193	0	26	257
96192at3193	0	36	356
113230at3193	0	33	333
130625at3193	0	33	314
167934at3193	0	18	180
19370at3193	0	67	674
36176at3193	0	47	469
197526at3193	0	16	102
47650at3193	0	55	551
165381at3193	0	19	186
54931at3193	0	78	712
1998at3193	0	111	1111
119341at3193	0	25	248
129879at3193	0	27	274
81612at3193	0	29	292
150913at3193	0	19	189
15318at3193	0	67	666
136193at3193	0	23	227
191077at3193	0	11	109
91062at3193	0	31	310
80733at3193	0	34	337
96118at3193	0	32	316
119090at3193	0	29	288
184923at3193	0	18	180
117028at3193	0	30	297
159907at3193	0	27	265
179154at3193	0	16	138
202147at3193	0	11	106
88195at3193	0	34	336
60224at3193	0	45	448
51562at3193	0	42	416
145857at3193	0	22	222
187627at3193	0	17	165
19846at3193	0	82	821
75306at3193	0	31	305
217398at3193	0	8	75
177701at3193	0	15	149
62306at3193	0	42	416
9734at3193	0	115	821
12298at3193	0	75	751
25543at3193	0	58	544
197330at3193	0	17	167
79981at3193	0	35	351
137468at3193	0	18	182
827at3193	0	231	1746
132714at3193	0	33	330
180615at3193	0	18	176
178774at3193	0	18	181
171124at3193	0	15	152
111753at3193	0	38	329
110617at3193	0	27	268
194116at3193	0	18	179
168441at3193	0	30	210
95185at3193	0	48	479
100198at3193	0	29	293
175626at3193	0	14	135
96689at3193	0	40	302
113964at3193	0	27	268
49273at3193	0	49	442
46404at3193	0	54	535
95793at3193	0	68	432
62081at3193	0	46	456
26776at3193	0	54	541
92112at3193	0	34	343
188860at3193	0	16	158
56251at3193	0	40	399
40169at3193	0	46	458
12299at3193	0	79	789
15229at3193	0	68	684
105993at3193	0	35	349
18435at3193	0	89	619
115901at3193	0	29	288
26756at3193	0	57	565
49953at3193	0	43	425
105662at3193	0	35	345
145172at3193	0	22	221
86708at3193	0	38	383
65268at3193	0	50	495
144455at3193	0	28	275
84005at3193	0	48	480
42242at3193	0	62	619
144523at3193	0	18	183
92659at3193	0	40	399
85146at3193	0	49	488
143161at3193	0	22	221
79010at3193	0	43	434
175075at3193	0	16	161
185202at3193	0	13	133
167863at3193	0	15	147
141872at3193	0	26	262
73618at3193	0	39	389
89100at3193	0	27	269
77313at3193	0	36	356
197836at3193	0	11	112
102127at3193	0	30	299
169890at3193	0	17	173
11585at3193	0	75	747
55141at3193	0	66	449
146234at3193	0	24	238
144969at3193	0	22	221
153174at3193	0	16	164
110118at3193	0	39	342
129904at3193	0	24	244
42644at3193	0	49	486
123110at3193	0	40	402
5796at3193	0	90	900
64104at3193	0	37	373
19854at3193	0	61	613
178095at3193	0	19	187
118398at3193	0	36	360
179584at3193	0	14	137
1440at3193	0	133	1328
138857at3193	0	21	207
163003at3193	0	23	166
125595at3193	0	24	242
113514at3193	0	29	293
25035at3193	0	58	577
24820at3193	0	74	735
10307at3193	0	73	727
169146at3193	0	18	182
85734at3193	0	41	408
174147at3193	0	26	212
8030at3193	0	77	734
44542at3193	0	46	457
35121at3193	0	55	548
12350at3193	0	73	728
54799at3193	0	44	438
140645at3193	0	20	204
20132at3193	0	60	596
67617at3193	0	41	412
10362at3193	0	69	693
116963at3193	0	27	266
172612at3193	0	15	154
173413at3193	0	24	238
51348at3193	0	56	558
7975at3193	0	85	847
13120at3193	0	75	751
162002at3193	0	20	195
184565at3193	0	13	134
3082at3193	0	93	925
61155at3193	0	51	455
59251at3193	0	37	371
143643at3193	0	18	180
6707at3193	0	77	774
91256at3193	0	31	309
94908at3193	0	29	291
153433at3193	0	19	186
99227at3193	0	31	313
84368at3193	0	33	327
74392at3193	0	37	369
133826at3193	0	67	400
124129at3193	0	26	256
26417at3193	0	59	583
38010at3193	0	53	534
3052at3193	0	135	910
102315at3193	0	26	256
5602at3193	0	171	934
71903at3193	0	36	361
108646at3193	0	46	264
127800at3193	0	30	250
188597at3193	0	15	146
128179at3193	0	31	312
128656at3193	0	24	239
148729at3193	0	25	198
78057at3193	0	35	350
14585at3193	0	88	883
23203at3193	0	54	540
102036at3193	0	35	344
140146at3193	0	23	232
196776at3193	0	11	107
26794at3193	0	61	608
185632at3193	0	17	168
13163at3193	0	69	644
164931at3193	0	15	151
59659at3193	0	91	593
105160at3193	0	29	276
27037at3193	0	57	568
134555at3193	0	25	254
157740at3193	0	21	206
161671at3193	0	19	192
77626at3193	0	35	282
206707at3193	0	9	86
4051at3193	0	118	886
57149at3193	0	47	471
154673at3193	0	16	164
115652at3193	0	26	264
121971at3193	0	33	333
212908at3193	0	8	82
119367at3193	0	28	282
4115at3193	0	95	946
51745at3193	0	177	1565
10429at3193	0	103	787
86302at3193	0	30	300
76883at3193	0	39	389
181011at3193	0	12	122
67674at3193	0	39	388
176470at3193	0	12	118
52194at3193	0	43	428
3942at3193	0	113	1129
130505at3193	0	30	301
60445at3193	0	68	500
207476at3193	0	10	101
103418at3193	0	29	294
74779at3193	0	39	390
21873at3193	0	94	937
78142at3193	0	43	430
22723at3193	0	105	672
175219at3193	0	16	160
123454at3193	0	21	206
4482at3193	0	124	1242
204197at3193	0	13	128
26318at3193	0	45	453
179742at3193	0	13	132
132099at3193	0	24	243
143943at3193	0	30	301
727at3193	0	146	1456
162766at3193	0	19	186
143770at3193	0	30	303
143712at3193	0	23	233
137369at3193	0	30	253
184242at3193	0	19	180
106160at3193	0	25	250
87523at3193	0	41	409
223334at3193	0	5	54
194228at3193	0	20	200
27663at3193	0	56	555
150648at3193	0	20	196
178434at3193	0	23	231
138210at3193	0	20	204
99659at3193	0	33	327
167052at3193	0	14	138
163007at3193	0	21	206
103930at3193	0	34	337
100457at3193	0	45	324
71201at3193	0	35	352
192752at3193	0	9	88
14027at3193	0	81	666
96478at3193	0	33	330
24580at3193	0	62	588
138005at3193	0	22	215
8731at3193	0	82	815
173763at3193	0	21	212
195656at3193	0	10	104
40708at3193	0	47	467
86917at3193	0	42	282
121638at3193	0	28	276
179638at3193	0	42	215
191247at3193	0	15	131
78556at3193	0	37	368
22385at3193	0	67	667
28151at3193	0	64	563
149671at3193	0	25	216
114237at3193	0	38	378
151579at3193	0	37	329
212586at3193	0	10	99
69301at3193	0	39	385
126415at3193	0	28	267
4483at3193	0	95	952
166157at3193	0	21	211
185210at3193	0	16	160
54569at3193	0	47	468
104849at3193	0	33	277
45799at3193	0	46	461
115172at3193	0	27	271
33003at3193	0	52	517
27877at3193	0	54	540
48921at3193	0	41	413
152646at3193	0	19	192
201093at3193	0	9	94
157698at3193	0	17	171
155463at3193	0	25	246
120714at3193	0	27	266
143563at3193	0	24	242
105974at3193	0	51	322
121419at3193	0	25	245
175852at3193	0	17	168
91048at3193	0	75	754
39058at3193	0	56	557
134161at3193	0	24	242
12990at3193	0	89	887
148346at3193	0	26	258
198718at3193	0	7	66
178271at3193	0	13	125
39795at3193	0	57	566
129029at3193	0	39	332
76409at3193	0	32	324
16160at3193	0	65	650
77054at3193	0	36	358
71677at3193	0	60	369
194237at3193	0	13	125
121882at3193	0	37	280
193996at3193	0	16	156
112291at3193	0	26	255
154834at3193	0	28	246
218847at3193	0	5	51
184280at3193	0	17	173
30814at3193	0	59	544
153132at3193	0	20	198
96092at3193	0	30	302
24314at3193	0	69	573
164462at3193	0	31	215
75948at3193	0	33	316
85274at3193	0	32	324
86832at3193	0	31	305
179211at3193	0	16	157
136227at3193	0	23	229
56881at3193	0	34	330
191814at3193	0	15	145
102462at3193	0	34	343
60903at3193	0	41	405
39922at3193	0	61	612
3595at3193	0	108	1083
101735at3193	0	50	366
193065at3193	0	12	115
120357at3193	0	25	238
155380at3193	0	19	187
193910at3193	0	38	170
15187at3193	0	68	681
107992at3193	0	28	283
18595at3193	0	82	819
219117at3193	0	9	89
157618at3193	0	21	212
10651at3193	0	82	816
86989at3193	0	34	338
140590at3193	0	22	216
47494at3193	0	42	416
145050at3193	0	38	332
23420at3193	0	85	509
158302at3193	0	19	187
175208at3193	0	17	165
69714at3193	0	48	371
89615at3193	0	37	365
18144at3193	0	69	685
5603at3193	0	87	866
125543at3193	0	33	325
162418at3193	0	20	202
7510at3193	0	126	826
18777at3193	0	69	687
66247at3193	0	44	435
78967at3193	0	42	422
175499at3193	0	20	138
103320at3193	0	29	292
167427at3193	0	35	139
56819at3193	0	44	437
13964at3193	0	71	706
187345at3193	0	13	133
182548at3193	0	16	155
193769at3193	0	14	135
159764at3193	0	26	165
159342at3193	0	15	152
183896at3193	0	16	157
99095at3193	0	71	264
11560at3193	0	84	838
184869at3193	0	10	103
90780at3193	0	35	350
5921at3193	0	99	939
67480at3193	0	42	415
203933at3193	0	17	171
197545at3193	0	20	204
148895at3193	0	23	228
55863at3193	0	48	477
171888at3193	0	19	188
19019at3193	0	62	618
144897at3193	0	21	208
42564at3193	0	50	495
40659at3193	0	82	584
163212at3193	0	17	168
95114at3193	0	34	338
39247at3193	0	46	462
11903at3193	0	93	800
157529at3193	0	18	176
15522at3193	0	65	652
159493at3193	0	22	218
143219at3193	0	37	293
11361at3193	0	158	707
70315at3193	0	45	448
2203at3193	0	127	1238
81543at3193	0	46	462
3662at3193	0	104	1035
201638at3193	0	14	133
220518at3193	0	9	87
163383at3193	0	22	187
137523at3193	0	22	219
12744at3193	0	78	776
28014at3193	0	89	608
151491at3193	0	26	264
145105at3193	0	20	198
205963at3193	0	10	101
79at3193	0	271	2710
98429at3193	0	41	406
157970at3193	0	22	199
99358at3193	0	29	292
80109at3193	0	39	392
255at3193	0	247	2028
187064at3193	0	12	115
116868at3193	0	28	235
173609at3193	0	17	167
210177at3193	0	15	147
1521at3193	0	104	1041
187340at3193	0	19	190
2694at3193	0	126	1056
196894at3193	0	40	276
13495at3193	0	73	728
32854at3193	0	86	626
7942at3193	0	87	867
63167at3193	0	51	404
169009at3193	0	16	159
170532at3193	0	19	144
179162at3193	0	20	201
166883at3193	0	18	180
104170at3193	0	34	341
92128at3193	0	42	422
51536at3193	0	44	443
101442at3193	0	37	268
166568at3193	0	21	186
43212at3193	0	65	532
157980at3193	0	24	238
94735at3193	0	81	721
47754at3193	0	47	466
69847at3193	0	82	502
132092at3193	0	26	258
37049at3193	0	49	445
16810at3193	0	85	690
106163at3193	0	29	287
55426at3193	0	63	625
147098at3193	0	17	166
53517at3193	0	51	512
7552at3193	0	85	848
174618at3193	0	20	197
167614at3193	0	18	148
45207at3193	0	48	479
172964at3193	0	23	159
99077at3193	0	31	313
59621at3193	0	50	502
69167at3193	0	39	390
138052at3193	0	37	243
91082at3193	0	32	315
50631at3193	0	48	447
81165at3193	0	38	383
159729at3193	0	24	239
59555at3193	0	47	373
169448at3193	0	21	183
134035at3193	0	36	356
141660at3193	0	27	265
89563at3193	0	31	305
29083at3193	0	65	649
102381at3193	0	65	269
23795at3193	0	73	733
176969at3193	0	14	144
185081at3193	0	12	123
48106at3193	0	49	485
137897at3193	0	41	412
134867at3193	0	28	278
69936at3193	0	35	348
127216at3193	0	39	358
212874at3193	0	14	136
139971at3193	0	23	226
45227at3193	0	44	442
38784at3193	0	53	529
211137at3193	0	6	64
18305at3193	0	68	676
165240at3193	0	18	180
69954at3193	0	44	435
129010at3193	0	32	318
26824at3193	0	66	659
186725at3193	0	17	174
29166at3193	0	103	606
114420at3193	0	31	313
128312at3193	0	41	406
176806at3193	0	16	157
81539at3193	0	41	407
153829at3193	0	22	219
195058at3193	0	14	140
118287at3193	0	23	217
13979at3193	0	103	740
25025at3193	0	79	786
209041at3193	0	12	117
150284at3193	0	19	193
210541at3193	0	11	110
139085at3193	0	24	239
52743at3193	0	50	502
178005at3193	0	56	427
147120at3193	0	51	510
42581at3193	0	56	557
158175at3193	0	22	218
47507at3193	0	43	431
31075at3193	0	54	536
13438at3193	0	56	558
63493at3193	0	65	648
189828at3193	0	14	143
56606at3193	0	44	439
109474at3193	0	34	334
139014at3193	0	25	249
8953at3193	0	112	682
75849at3193	0	43	428
138855at3193	0	21	213
188864at3193	0	16	160
186996at3193	0	25	160
190765at3193	0	9	94
20290at3193	0	71	710
127316at3193	0	34	336
62741at3193	0	64	644
120718at3193	0	25	249
162524at3193	0	23	229
840at3193	0	163	1630
49808at3193	0	45	445
16671at3193	0	74	650
2028at3193	0	108	1077
43431at3193	0	53	414
144968at3193	0	23	225
6430at3193	0	73	733
2050at3193	0	164	1234
117072at3193	0	34	311
46855at3193	0	64	640
214225at3193	0	11	111
91629at3193	0	37	318
127985at3193	0	33	228
68087at3193	0	47	466
136660at3193	0	22	219
139075at3193	0	26	261
151476at3193	0	15	151
155495at3193	0	54	543
85324at3193	0	42	423
21064at3193	0	58	577
210672at3193	0	19	126
138397at3193	0	25	254
168457at3193	0	145	595
168007at3193	0	15	154
202482at3193	0	14	135
9508at3193	0	87	868
18614at3193	0	154	1541
96694at3193	0	33	334
45013at3193	0	45	453
